header: 
  seq: 15
  stamp: 
    secs: 1736755937
    nsecs: 392067108
  frame_id: "map"
pose: 
  pose: 
    position: 
      x: -0.21309855580329895
      y: -0.1329163908958435
      z: 0.0
    orientation: 
      x: 0.0
      y: 0.0
      z: -0.9998484519197104
      w: 0.01740899749435646
  covariance: [0.25, 0.0, 0.0, 0.0, 0.0, 0.0, 0.0, 0.25, 0.0, 0.0, 0.0, 0.0, 0.0, 0.0, 0.0, 0.0, 0.0, 0.0, 0.0, 0.0, 0.0, 0.0, 0.0, 0.0, 0.0, 0.0, 0.0, 0.0, 0.0, 0.0, 0.0, 0.0, 0.0, 0.0, 0.0, 0.06853892326654787]