header: 
  seq: 151
  stamp: 
    secs: 1736756248
    nsecs: 511706677
  frame_id: "map"
pose: 
  pose: 
    position: 
      x: 0.9425397379269393
      y: -0.5308307730520146
      z: 0.0
    orientation: 
      x: 0.0
      y: 0.0
      z: 0.42565193057577855
      w: 0.9048869730508405
  covariance: [0.0019740292414716087, -0.00031056668314111135, 0.0, 0.0, 0.0, 0.0, -0.00031056668314111135, 0.0017568174249186774, 0.0, 0.0, 0.0, 0.0, 0.0, 0.0, 0.0, 0.0, 0.0, 0.0, 0.0, 0.0, 0.0, 0.0, 0.0, 0.0, 0.0, 0.0, 0.0, 0.0, 0.0, 0.0, 0.0, 0.0, 0.0, 0.0, 0.0, 0.0013407249124841754]