header: 
  seq: 168
  stamp: 
    secs: 1736756339
    nsecs: 377035712
  frame_id: "map"
pose: 
  pose: 
    position: 
      x: 1.0941361513229775
      y: -1.5086506780792024
      z: 0.0
    orientation: 
      x: 0.0
      y: 0.0
      z: -0.6840162020030617
      w: 0.7294668158301011
  covariance: [0.0018576654546336169, 0.000301658556354667, 0.0, 0.0, 0.0, 0.0, 0.000301658556354667, 0.00122212670734978, 0.0, 0.0, 0.0, 0.0, 0.0, 0.0, 0.0, 0.0, 0.0, 0.0, 0.0, 0.0, 0.0, 0.0, 0.0, 0.0, 0.0, 0.0, 0.0, 0.0, 0.0, 0.0, 0.0, 0.0, 0.0, 0.0, 0.0, 0.0008075820531713982]