header: 
  seq: 437
  stamp: 
    secs: 1736757705
    nsecs: 208510214
  frame_id: "map"
pose: 
  pose: 
    position: 
      x: -0.6900881413792119
      y: 0.1743024339685286
      z: 0.0
    orientation: 
      x: 0.0
      y: 0.0
      z: -0.7027828999693405
      w: 0.7114043825495341
  covariance: [0.003324667957995575, -0.0017992956538047805, 0.0, 0.0, 0.0, 0.0, -0.0017992956538048083, 0.0062586959830563844, 0.0, 0.0, 0.0, 0.0, 0.0, 0.0, 0.0, 0.0, 0.0, 0.0, 0.0, 0.0, 0.0, 0.0, 0.0, 0.0, 0.0, 0.0, 0.0, 0.0, 0.0, 0.0, 0.0, 0.0, 0.0, 0.0, 0.0, 0.003674930217003447]