header: 
  seq: 125
  stamp: 
    secs: 1736756094
    nsecs: 173727281
  frame_id: "map"
pose: 
  pose: 
    position: 
      x: -0.12997154959514903
      y: -1.7598585083217464
      z: 0.0
    orientation: 
      x: 0.0
      y: 0.0
      z: 0.5133300568640068
      w: 0.8581912681448091
  covariance: [0.0030504182076755947, -0.0008886724202192553, 0.0, 0.0, 0.0, 0.0, -0.0008886724202192553, 0.0024614817580790316, 0.0, 0.0, 0.0, 0.0, 0.0, 0.0, 0.0, 0.0, 0.0, 0.0, 0.0, 0.0, 0.0, 0.0, 0.0, 0.0, 0.0, 0.0, 0.0, 0.0, 0.0, 0.0, 0.0, 0.0, 0.0, 0.0, 0.0, 0.0011937365965532436]