header: 
  seq: 266
  stamp: 
    secs: 1736756793
    nsecs: 814000981
  frame_id: "map"
pose: 
  pose: 
    position: 
      x: 1.428588884496221
      y: -1.4900758311122282
      z: 0.0
    orientation: 
      x: 0.0
      y: 0.0
      z: 0.048378772552442474
      w: 0.998829061634832
  covariance: [0.0011208771450998967, 0.00013272306551881385, 0.0, 0.0, 0.0, 0.0, 0.00013272306551881385, 0.0007092124921794785, 0.0, 0.0, 0.0, 0.0, 0.0, 0.0, 0.0, 0.0, 0.0, 0.0, 0.0, 0.0, 0.0, 0.0, 0.0, 0.0, 0.0, 0.0, 0.0, 0.0, 0.0, 0.0, 0.0, 0.0, 0.0, 0.0, 0.0, 0.0008712974341274858]