header: 
  seq: 24
  stamp: 
    secs: 1736757255
    nsecs: 947009833
  frame_id: "map"
pose: 
  pose: 
    position: 
      x: 2.184234142303467
      y: -1.1286613941192627
      z: 0.0
    orientation: 
      x: 0.0
      y: 0.0
      z: 0.2036720821196991
      w: 0.9790391631416113
  covariance: [0.25, 0.0, 0.0, 0.0, 0.0, 0.0, 0.0, 0.25, 0.0, 0.0, 0.0, 0.0, 0.0, 0.0, 0.0, 0.0, 0.0, 0.0, 0.0, 0.0, 0.0, 0.0, 0.0, 0.0, 0.0, 0.0, 0.0, 0.0, 0.0, 0.0, 0.0, 0.0, 0.0, 0.0, 0.0, 0.06853892326654787]