header: 
  seq: 60
  stamp: 
    secs: 1736755460
    nsecs: 679649841
  frame_id: "map"
pose: 
  pose: 
    position: 
      x: 0.15263726027515684
      y: -0.1700473843013227
      z: 0.0
    orientation: 
      x: 0.0
      y: 0.0
      z: 0.7855273311717624
      w: 0.6188269644918265
  covariance: [0.0028545155823529907, -0.0009597109529844647, 0.0, 0.0, 0.0, 0.0, -0.0009597109529844647, 0.004849771481444009, 0.0, 0.0, 0.0, 0.0, 0.0, 0.0, 0.0, 0.0, 0.0, 0.0, 0.0, 0.0, 0.0, 0.0, 0.0, 0.0, 0.0, 0.0, 0.0, 0.0, 0.0, 0.0, 0.0, 0.0, 0.0, 0.0, 0.0, 0.0035631683831169637]