header: 
  seq: 5
  stamp: 
    secs: 1736755385
    nsecs: 306910192
  frame_id: "map"
pose: 
  pose: 
    position: 
      x: 0.06336669623851776
      y: 0.3741321563720703
      z: 0.0
    orientation: 
      x: 0.0
      y: 0.0
      z: -0.6986095153990264
      w: 0.7155031411488963
  covariance: [0.25, 0.0, 0.0, 0.0, 0.0, 0.0, 0.0, 0.25, 0.0, 0.0, 0.0, 0.0, 0.0, 0.0, 0.0, 0.0, 0.0, 0.0, 0.0, 0.0, 0.0, 0.0, 0.0, 0.0, 0.0, 0.0, 0.0, 0.0, 0.0, 0.0, 0.0, 0.0, 0.0, 0.0, 0.0, 0.06853892326654787]