header: 
  seq: 11
  stamp: 
    secs: 1736754312
    nsecs: 953760057
  frame_id: "map"
pose: 
  pose: 
    position: 
      x: -0.11699125532121438
      y: 0.30163455968372466
      z: 0.0
    orientation: 
      x: 0.0
      y: 0.0
      z: 0.30163455968372466
      w: 0.7138844886923034
  covariance: [0.1747817200424945, -0.010481824555440285, 0.0, 0.0, 0.0, 0.0, -0.010481824555440299, 0.20417971632741574, 0.0, 0.0, 0.0, 0.0, 0.0, 0.0, 0.0, 0.0, 0.0, 0.0, 0.0, 0.0, 0.0, 0.0, 0.0, 0.0, 0.0, 0.0, 0.0, 0.0, 0.0, 0.0, 0.0, 0.0, 0.0, 0.0, 0.0, 0.06587255144855642]