header: 
  seq: 73
  stamp: 
    secs: 1736755570
    nsecs:  16398931
  frame_id: "map"
pose: 
  pose: 
    position: 
      x: -0.07738608495243889
      y: -0.34266401984364103
      z: 0.0
    orientation: 
      x: 0.0
      y: 0.0
      z: 0.7048542296990222
      w: 0.7093521797213271
  covariance: [0.0011016187388708737, -0.0002763749590898937, 0.0, 0.0, 0.0, 0.0, -0.0002763749590898937, 0.003257997228814022, 0.0, 0.0, 0.0, 0.0, 0.0, 0.0, 0.0, 0.0, 0.0, 0.0, 0.0, 0.0, 0.0, 0.0, 0.0, 0.0, 0.0, 0.0, 0.0, 0.0, 0.0, 0.0, 0.0, 0.0, 0.0, 0.0, 0.0, 0.0023262420495998807]