header: 
  seq: 241
  stamp: 
    secs: 1736756712
    nsecs: 435954304
  frame_id: "map"
pose: 
  pose: 
    position: 
      x: 0.23417222891347259
      y: -1.8691766925467486
      z: 0.0
    orientation: 
      x: 0.0
      y: 0.0
      z: 0.9744244895624893
      w: 0.22471518449112932
  covariance: [0.0014884803529688628, -0.0004501366937978424, 0.0, 0.0, 0.0, 0.0, -0.0004501366937978424, 0.0009415309618705514, 0.0, 0.0, 0.0, 0.0, 0.0, 0.0, 0.0, 0.0, 0.0, 0.0, 0.0, 0.0, 0.0, 0.0, 0.0, 0.0, 0.0, 0.0, 0.0, 0.0, 0.0, 0.0, 0.0, 0.0, 0.0, 0.0, 0.0, 0.0008692155577988749]