header: 
  seq: 30
  stamp: 
    secs: 1736757643
    nsecs: 282654881
  frame_id: "map"
pose: 
  pose: 
    position: 
      x: -0.835457980632782
      y: 0.08045649528503418
      z: 0.0
    orientation: 
      x: 0.0
      y: 0.0
      z: 0.7243499286049075
      w: 0.689432506435594
  covariance: [0.25, 0.0, 0.0, 0.0, 0.0, 0.0, 0.0, 0.25, 0.0, 0.0, 0.0, 0.0, 0.0, 0.0, 0.0, 0.0, 0.0, 0.0, 0.0, 0.0, 0.0, 0.0, 0.0, 0.0, 0.0, 0.0, 0.0, 0.0, 0.0, 0.0, 0.0, 0.0, 0.0, 0.0, 0.0, 0.06853892326654787]