header: 
  seq: 216
  stamp: 
    secs: 1736756586
    nsecs: 523348353
  frame_id: "map"
pose: 
  pose: 
    position: 
      x: 1.2832827435761796
      y: -1.7464037509143342
      z: 0.0
    orientation: 
      x: 0.0
      y: 0.0
      z: -0.9909810306321288
      w: 0.13400222732210018
  covariance: [0.0012597291931271126, 7.30268593907013e-06, 0.0, 0.0, 0.0, 0.0, 7.30268593951422e-06, 0.00100667594473558, 0.0, 0.0, 0.0, 0.0, 0.0, 0.0, 0.0, 0.0, 0.0, 0.0, 0.0, 0.0, 0.0, 0.0, 0.0, 0.0, 0.0, 0.0, 0.0, 0.0, 0.0, 0.0, 0.0, 0.0, 0.0, 0.0, 0.0, 0.0016647504694833554]