header: 
  seq: 367
  stamp: 
    secs: 1736757401
    nsecs: 853668432
  frame_id: "map"
pose: 
  pose: 
    position: 
      x: 1.8810696970223213
      y: -1.8103507596828017
      z: 0.0
    orientation: 
      x: 0.0
      y: 0.0
      z: 0.9451528871616132
      w: 0.32662825947867224
  covariance: [0.0019706024961489987, 0.00020295924183821867, 0.0, 0.0, 0.0, 0.0, 0.00020295924183777458, 0.0021587299803353943, 0.0, 0.0, 0.0, 0.0, 0.0, 0.0, 0.0, 0.0, 0.0, 0.0, 0.0, 0.0, 0.0, 0.0, 0.0, 0.0, 0.0, 0.0, 0.0, 0.0, 0.0, 0.0, 0.0, 0.0, 0.0, 0.0, 0.0, 0.0006479025112535552]