header: 
  seq: 226
  stamp: 
    secs: 1736756636
    nsecs: 994924145
  frame_id: "map"
pose: 
  pose: 
    position: 
      x: 1.0878340794662307
      y: -2.124028741402506
      z: 0.0
    orientation: 
      x: 0.0
      y: 0.0
      z: -0.6992631850391161
      w: 0.7148643214267663
  covariance: [0.0015854319938732875, -8.864763336458026e-05, 0.0, 0.0, 0.0, 0.0, -8.864763336369208e-05, 0.0008820166406504626, 0.0, 0.0, 0.0, 0.0, 0.0, 0.0, 0.0, 0.0, 0.0, 0.0, 0.0, 0.0, 0.0, 0.0, 0.0, 0.0, 0.0, 0.0, 0.0, 0.0, 0.0, 0.0, 0.0, 0.0, 0.0, 0.0, 0.0, 0.0011756282764125367]