header: 
  seq: 349
  stamp: 
    secs: 1736757333
    nsecs: 430004516
  frame_id: "map"
pose: 
  pose: 
    position: 
      x: 2.3508196500667893
      y: -0.8683018600871263
      z: 0.0
    orientation: 
      x: 0.0
      y: 0.0
      z: -0.631631452440611
      w: 0.7752687974423865
  covariance: [0.0026397808967084657, -0.00020220670127013562, 0.0, 0.0, 0.0, 0.0, -0.00020220670127013562, 0.0035455303933803473, 0.0, 0.0, 0.0, 0.0, 0.0, 0.0, 0.0, 0.0, 0.0, 0.0, 0.0, 0.0, 0.0, 0.0, 0.0, 0.0, 0.0, 0.0, 0.0, 0.0, 0.0, 0.0, 0.0, 0.0, 0.0, 0.0, 0.0, 0.001094021621801552]